band
band
$atleast, >d, $done_percent, <ep, $learning_curve, <np, $nprod, $optimism, $pomposity, $productivity_exp, $productivity_new, $r, $to, $ts, >dom, !klass
0.85,2.87,0.29,26.24,20.29,5.76,0.26,97.8,13.71,1.08,0.14,225.79,83.92,95,0,0..0.88
2.52,27.75,9.71,23.17,30.94,10.83,1.21,11.37,76.49,1.86,0.45,298.35,38.36,23.2,0,0..0.88
4.5,21,7.22,12,91.35,21,0.46,5.5,19.39,5.04,0.85,77.59,44.9,19.02,0,0..0.88
5.16,17.97,0.18,13.22,82.57,16.78,0.5,99.44,92.84,4.13,0.4,897.81,59.97,76.46,0,0..0.88
7.46,11.19,1.61,13.89,56.47,17.11,0.51,77.42,44.67,6.56,0.3,811.34,36.3,86.74,0,0..0.88
7.85,2.65,6.34,20.46,24.93,7.54,0.15,98.83,48.12,3.9,0.3,699.47,99.26,83.31,0,0..0.88
8.39,5.62,6.41,8.96,91.82,21.04,4.22,68.07,61.69,1.16,0,526.35,22.81,41.21,0,0..0.88
1.5,7.8,3.64,25.05,14.3,1.95,0.1,44.51,30.85,7.11,0.83,762.62,48.02,18.26,0.01,0..0.88
1.64,4.81,4.55,10.83,94.35,13.17,0.13,76.8,83.27,4.22,0.36,930.52,89.88,95.39,0.01,0..0.88
4.48,27.84,5.43,16.67,64.7,18.33,0.91,98,28.08,3.77,0.25,661.32,26.65,54.62,0.01,0..0.88
0.29,10.41,2.94,26.67,22.61,7.33,0.71,81.07,25.94,1.24,0.26,454.14,43.3,86.81,0.02,0..0.88
0.41,18.07,9.85,7.68,72.77,13.32,2.58,68.1,77,3.97,0.14,324.26,52.32,3.29,0.02,0..0.88
5.77,7.79,5.34,8.06,67.3,10.94,0.74,64.82,17.71,4.2,0.08,452.92,97.77,2.75,0.02,0..0.88
0.93,42.12,2.2,8.8,96.21,16.2,4.27,84.07,25.29,2.01,0.17,470.26,19.99,20.94,0.03,0..0.88
1.62,32.6,6.05,10.54,83.69,15.46,0.88,83.86,83.22,4.03,0.93,683.06,51.63,27.92,0.03,0..0.88
2.08,30.43,3.84,26.66,11.94,1.34,0.61,15.29,47.23,8.07,0.06,143.07,55.37,65.82,0.03,0..0.88
3.82,23.77,6.73,13.66,76.9,16.34,0.45,15.73,70.48,6.98,0.45,820.05,3.9,92.43,0.03,0..0.88
7.42,5.45,5.07,8.71,59.28,10.29,0.23,3.95,55.27,6.07,0.5,565.66,91.79,79.71,0.03,0..0.88
8.58,3.76,9.91,11.2,52.82,10.8,0.16,92.57,92.93,3.32,0.63,334.06,1.32,15.2,0.03,0..0.88
2.4,29.04,2.16,17.14,53.37,10.86,0.39,8.48,23.34,7.89,0.1,195.21,35.4,43.9,0.04,0..0.88
2.75,32.81,6.41,10.43,76.19,13.57,1.03,22.42,43.09,4.29,0.71,746.4,88.66,93.95,0.04,0..0.88
3.56,4.83,6.06,6.88,98.38,11.12,1.2,40.9,13.96,1.01,0.04,49.86,4.7,70.71,0.04,0..0.88
7.77,42.69,4.42,9.05,90.68,20.95,3.66,42.32,87.75,5.7,0.2,914.83,19.81,51.46,0.04,0..0.88
8.34,8.87,8.91,6.05,71.94,7.95,0.31,67.34,89.73,7.39,0.98,164.8,49.26,34.76,0.04,0..0.88
3.71,59.75,5.72,10.64,96.31,21.36,4.33,96.94,49.66,4.29,0.03,862.16,35.52,33.98,0.05,0..0.88
7.51,15.73,4.68,11.81,68.65,5.19,0.3,75.69,83.1,5.59,0.13,667.57,78.14,2.89,0.05,0..0.88
8.91,16.18,1.64,12.18,69.16,7.82,0.83,61.53,70.53,1.42,0.62,438.22,89.27,1.1,0.05,0..0.88
9.22,2.47,3.15,5.61,86.74,11.39,0.11,63.87,6.91,7.98,0.62,146.22,70.3,18.09,0.05,0..0.88
9.87,35.77,3.85,26.34,15.28,2.66,1.62,61.17,53.36,1.84,0.41,675.56,43.96,81.02,0.05,0..0.88
2.29,31.11,4.34,21.1,26.07,8.9,1,69.16,12.95,9.74,0.72,746.6,71.83,49.65,0.06,0..0.88
4.26,11.28,3.28,21,4.34,0,0.66,93.73,22.57,3.08,0.63,752.73,77.66,75.22,0.06,0..0.88
5.18,25.34,9.37,29.96,10.5,1.04,0.53,36.39,56.96,6.96,0.69,328.4,37.29,67.97,0.06,0..0.88
7.15,25.71,3.11,26.24,1.97,0,0.8,70.1,23.09,5.01,0.08,195.53,51.64,79.62,0.06,0..0.88
8.2,18.18,1.08,7.98,96.95,14.02,0.47,14.91,6.35,8.67,0.61,300.21,82.33,99.57,0.06,0..0.88
8.9,43.98,9.05,12.6,82.84,15.4,1.87,58,75.24,3.14,0.21,521.56,30.7,78.21,0.06,0..0.88
9.23,17.18,3.34,7.39,53.76,8.61,2.43,13.47,49.7,4.23,0.17,777.47,32.41,14.57,0.06,0..0.88
2.19,24.31,7.3,23.61,17.87,3.39,0.94,71.63,62.53,3.58,0.02,465.85,96.08,26.22,0.07,0..0.88
4.33,70.06,8.47,51.91,1.21,0,1.03,13.52,2.83,6.86,0.79,694.21,50.05,45.5,0.07,0..0.88
4.55,33.09,2.5,12.76,47.9,11.24,1.76,75.58,27.29,2.44,0.53,77.91,35.1,7.88,0.07,0..0.88
6.15,2.01,5.63,7.63,23.23,2.37,0.14,70.32,2.01,8.96,0.42,683.3,20.74,57.19,0.07,0..0.88
7.06,75.8,1.92,17.33,57.42,16.67,2.73,67.88,58.94,1.51,0.66,630.42,17.07,58.43,0.07,0..0.88
7.5,44.39,2.21,10.42,87.72,18.58,7.64,99.38,87.54,1.46,0.05,831.35,79.23,38.3,0.07,0..0.88
8.98,100,5.21,8.42,69.27,28.58,7.79,97.96,70.13,1.02,0.31,8.09,89.96,78.37,0.07,0..0.88
1.56,33.02,3.73,26.66,15.05,2.34,0.4,10.46,30.81,7.51,0.68,622.29,54.93,84.54,0.08,0..0.88
3.22,4.49,2.25,15.6,2.4,0,0.62,61.14,15.17,1.93,0.1,806.9,45.95,87.84,0.08,0..0.88
4.67,14.11,1.64,20.93,6.9,0.07,2.05,72.41,82.72,1.28,0.15,48.53,33.55,57.3,0.08,0..0.88
8.79,15.29,9.38,8.53,70.74,14.47,1.6,19.98,98.95,4.55,0.21,593.58,63.35,25.11,0.08,0..0.88
0.24,18.93,3.27,19.96,11.56,1.04,1.68,51.42,99.13,5.07,0.04,786.04,66.21,79.1,0.09,0..0.88
1.62,21.27,0.44,8.36,48.56,8.64,1.99,27.23,52.09,1.21,0.57,174.55,95.78,91.05,0.09,0..0.88
3.09,25.7,8.32,18.95,21.86,5.05,0.71,28.34,20.4,8.53,0.49,63.51,43.02,22.21,0.09,0..0.88
4.32,70.44,2.97,23.21,35.02,11.79,6.29,68.47,66.45,1.19,0.1,863.01,47.93,3.29,0.09,0..0.88
0.58,47.49,7.44,15.17,31.8,8.83,4.37,71.33,70.44,2.88,0.34,64.49,76.49,87.91,0.1,0..0.88
0.84,57.06,9.71,21.52,35.41,11.48,0.93,76.64,67.28,8.23,0.41,436.25,24.07,3.79,0.1,0..0.88
1.51,100,9.45,7.03,27.25,26.97,9.4,97.09,67.04,5.42,0.51,798.86,25.08,45.77,0.1,0..0.88
2.08,38.48,2.87,31,4.99,0,0.71,61.78,26.02,6.22,0.14,243.37,48.85,16.11,0.1,0..0.88
5.66,29.52,9.76,9.35,68.84,13.65,2.73,12.6,96.15,5.16,0.01,509.45,62.63,7.41,0.1,0..0.88
8.08,11.92,0.1,8.53,80.61,3.47,0.29,13.01,44.36,5.68,0.03,230.62,44.02,71.52,0.1,0..0.88
0.56,8.22,9.48,6.39,38.97,4.61,0.78,20.83,94.23,5.23,0.43,596.83,67.44,46.88,0.11,0..0.88
2.31,3.09,3.5,10.84,8.63,0.16,0.57,9.2,48.8,4.39,0.03,439.79,67.95,44.48,0.11,0..0.88
2.89,59.21,8.4,8.27,97.24,17.73,7.68,92.68,66.72,1.67,0.18,91.9,11.79,3.6,0.11,0..0.88
5.45,19.7,5.4,7.16,53.03,6.84,1.04,23.33,20.26,5.61,0.6,404.81,76.38,93.1,0.11,0..0.88
7.43,31.34,4.6,9.13,91.59,10.87,2.88,94.79,17.87,1.55,0.2,724.54,85.11,19.69,0.11,0..0.88
0.26,100,6.98,7.29,98.14,27.71,7.08,58,89.55,7.57,0.42,4.31,35.45,47.21,0.12,0..0.88
4.63,16.69,9.87,5.13,81.21,4.87,0.98,66.21,82.74,4.13,0.54,341.65,23.28,71.22,0.12,0..0.88
6.14,100,0.97,9.73,16.76,27.27,8.44,81.47,91.01,8.34,0.11,0,5.34,42.08,0.12,0..0.88
8.35,8.45,1.94,3.39,46.16,2.61,2.8,96.02,0.74,1.3,0.28,130.16,87.94,13.59,0.12,0..0.88
1.15,56.45,9.62,8.68,94.72,18.32,1.54,5.38,71.93,6.18,0.97,910.93,59.71,97.34,0.13,0..0.88
4.31,30.15,0.99,18.41,27.62,6.59,1.77,3.32,79.27,3.07,0.06,382.37,81.4,51.03,0.13,0..0.88
8.42,30.67,9.07,8.23,63.47,8.77,2.91,5.8,73.06,1.22,0.49,530.84,50.31,46.96,0.13,0..0.88
8.56,100,5.08,10.82,10.29,26.18,3.59,8.28,80.07,2.29,0.99,280.53,62.38,4.72,0.13,0..0.88
9.22,32.92,9.37,6.8,82.87,11.2,3.83,10.83,80.69,1.85,0.3,163.84,64.04,27.74,0.13,0..0.88
9.47,100,5.89,9.43,62.17,26.57,7.87,62.58,37.03,9.92,0.59,44.87,44.71,83.65,0.13,0..0.88
2.58,100,1.17,5.39,74.21,28.61,5.94,45.67,28.71,3.34,0.86,255.14,2.8,18.04,0.14,0..0.88
2.82,26.57,9.18,7.38,61.29,8.62,1.65,5.33,20.1,5.2,0.37,964.34,46.87,66.66,0.14,0..0.88
7.1,5.76,5.02,3.07,98.23,5.93,1.23,28,50.41,1.49,0.37,283.51,53.05,7.13,0.14,0..0.88
9.53,70.27,2.81,19.34,41.91,13.66,3.83,2.67,28.39,2.58,0.19,706.68,42.43,77.91,0.14,0..0.88
9.86,30.19,6.64,15.1,20.47,3.9,3.2,43.01,31.14,6.68,0.14,876.73,79.85,31.35,0.14,0..0.88
9.97,47.35,4.8,10.79,89.15,12.21,3.26,31.68,74.15,2.22,0.07,0,37.31,56.36,0.14,0..0.88
0.61,51.09,5.66,12.02,90.14,12.98,0.85,99.32,41.95,6.4,0.81,327.38,11.52,69,0.15,0..0.88
3.28,100,8.07,6.49,58.69,28.51,5.38,94.88,19.85,2.48,0.57,261.93,31.33,44.8,0.15,0..0.88
4.48,100,2.03,7.31,89.51,27.69,8.69,99.13,6.58,6.61,0.28,361.67,81.81,98.28,0.15,0..0.88
7.61,100,8.65,6.3,97.33,28.7,5.5,90.66,10.95,5.32,0.62,0,17.18,23.72,0.15,0..0.88
8.29,100,1.64,8.66,41.22,26.34,5.26,74.15,42.58,5.71,0.91,644.05,96.32,8.85,0.15,0..0.88
4.44,100,8.99,9.4,73.1,28.6,6.3,3.15,16.56,8.07,0.19,522.83,43.74,76.4,0.16,0..0.88
6.73,100,2.32,9.63,44.35,27.37,8.39,99.34,22.21,6.58,0.16,295.62,1.46,54.3,0.16,0..0.88
0.34,47.77,6.17,12.63,37.44,9.37,4.06,23.39,48.92,8.65,0.14,864.79,77.53,30.61,0.17,0..0.88
3.06,77.08,6.82,21.77,35.07,12.23,6.5,66.25,30.72,2,0.06,21.96,52.32,81.64,0.17,0..0.88
7.25,100,2.39,7.4,69.37,27.6,4.33,34.31,79.44,6.27,0.51,675.24,96.07,18.39,0.17,0..0.88
8.94,100,0.65,9.35,74.73,25.65,7.08,11.21,99.92,4.35,0.58,803.23,98.38,64.52,0.17,0..0.88
0.12,100,4.62,9.64,41.92,26.36,7.21,18.28,24.99,9.01,0.96,865.91,79.97,53.02,0.18,0..0.88
1.91,42.11,6.16,22.1,16.97,2.9,0.54,48.73,50.32,9.81,0.94,185.4,42.1,6.22,0.18,0..0.88
5.05,44.5,7.24,16.16,35,8.84,2.6,46.51,14,2,0.43,796.36,1.33,93.51,0.18,0..0.88
5.73,17.84,0.16,4.56,53.62,3.44,2.09,76.82,76.72,1.45,0.91,756.18,91.52,5.38,0.18,0..0.88
9.7,100,5.26,8.29,92.62,26.71,4.85,50.16,91.29,1.62,0.98,49.61,33.23,33.43,0.18,0..0.88
5.39,84.86,0.07,20.35,54.65,15.65,3.18,69.8,51.07,2.27,0.23,13.33,37.52,89.14,0.19,0..0.88
7.74,15.01,3.03,5.29,56.17,4.71,2.21,88.3,42.17,2.53,0.17,71.69,53.54,66.28,0.19,0..0.88
9.94,100,2.1,6.29,92.42,26.71,2.13,71.42,29.53,7.5,0.62,363.37,4.05,96.87,0.19,0..0.88
0.32,100,1.96,3.52,55.64,28.48,9.33,26.73,0.94,7.51,0.22,0,34.16,96.44,0.2,0..0.88
4.94,100,5.35,4.36,78.58,27.64,8.44,77.32,47.41,2.37,0.59,748.21,62.5,7.73,0.2,0..0.88
9.62,25.05,3.5,18.85,7.82,0.15,0.69,48.79,15.47,9.74,0.92,372.87,66.36,9.41,0.2,0..0.88
1.46,100,9.52,9.33,75.22,24.67,6.26,24.33,73.56,7.16,0.3,0,7.11,98.6,0.21,0..0.88
3.05,49.74,2.62,12.05,40.3,9.95,2.48,60.67,71.82,4.25,0.75,477.47,14.67,71.86,0.21,0..0.88
4.42,100,1.74,11.26,11.06,22.74,9.29,77.61,22.98,8.19,0.06,498.29,77.8,56.09,0.21,0..0.88
5.77,42.83,6.04,22.14,13.1,1.86,2.64,2.08,73.83,5.04,0.48,639.19,43.69,50.66,0.21,0..0.88
7.32,100,6.78,6.32,84.29,26.68,7.17,81.44,1.13,4.14,0.77,33.51,34.29,44.59,0.21,0..0.88
7.36,100,6.3,6.77,37.47,28.23,1.71,40.89,63.67,5.95,0.98,208.45,51.13,59.04,0.21,0..0.88
7.4,20.64,4.69,15,4.66,0,0.7,32.2,70.45,5.45,0.16,501.25,92.25,16.29,0.21,0..0.88
8.01,100,2.31,9.57,10.91,25.43,6.01,62.97,85.5,5.2,0.83,314.59,15.27,67.75,0.21,0..0.88
8.06,100,1.83,3.36,81.43,28.64,2.36,90.72,21.78,7.34,0.73,897.54,35.63,24.99,0.21,0..0.88
9.6,52.69,7.6,11.92,61.29,11.08,2.03,44.08,56.08,4.7,0.13,790.08,28.18,70.92,0.21,0..0.88
1.2,100,5.42,8.09,13.86,26.91,9.7,43.76,16.05,2.88,0.16,538.12,97.36,94.28,0.22,0..0.88
5.02,49.39,1.1,12.2,58.28,7.8,4.46,91.41,32.06,1.28,0.16,29.67,21.1,18.64,0.22,0..0.88
7.48,100,7.77,7.26,98.98,25.74,3.74,82.27,89.74,6.11,0.76,719.34,13.79,52.59,0.22,0..0.88
0.37,100,7.88,4.34,85.39,28.66,6.67,66.24,5.75,7.34,0.06,0,94.4,86.21,0.23,0..0.88
3.81,23.37,4.8,3.7,88.8,4.3,5.35,85.58,32.2,1.41,0.25,58.81,72.23,46.48,0.23,0..0.88
4.62,100,3.85,4.68,41.22,27.32,7.74,67.56,91.13,4.64,0.11,0,54.21,8.25,0.23,0..0.88
6.44,100,8.01,4.6,46.99,27.4,7.49,92.24,36.16,8.06,0.7,35.45,57.98,99.26,0.23,0..0.88
7.41,100,9.52,8.5,52.35,25.5,7.86,51.43,82.05,9.61,0.01,478.22,27.66,55.25,0.23,0..0.88
7.69,100,3.78,5.04,27.93,27.96,5.08,76.36,85.53,7.04,0.92,382.55,27.5,64.2,0.23,0..0.88
0.96,100,1.61,4.51,55.38,27.49,4.41,50.54,79.31,7.21,0.57,69.57,57.09,66.12,0.24,0..0.88
3.27,100,2.19,7.44,57.12,24.56,1.7,27.67,27.25,7,0.8,326.71,67.02,82.49,0.24,0..0.88
3.6,50.28,9.49,4.22,94.24,8.78,8.49,12.13,32.71,2.89,0.25,0,61.78,96.53,0.24,0..0.88
3.84,100,2.13,4.36,80.54,28.64,8.97,55.93,3.56,4.04,0.82,860.4,92.03,98.5,0.24,0..0.88
9.31,100,8.3,7.72,37.68,26.28,8.87,24.53,53.23,1.65,0.8,777.48,60.89,12.27,0.24,0..0.88
9.5,49.52,3.53,7.82,75.67,12.18,2.9,27.66,2.93,5.25,0.35,27.24,84.62,23.08,0.24,0..0.88
9.82,100,9.47,9.36,66.56,23.64,3.97,82.62,0.53,9.21,0.54,0,63.75,73.87,0.24,0..0.88
0.28,100,0.24,8.09,13.86,26.91,8.05,90.22,40.63,7.75,0.28,561.38,77.26,45.96,0.25,0..0.88
6.55,34.9,4.73,13.45,22.73,2.55,0.8,89.56,85.66,6.76,0.24,734.93,88.42,86.26,0.25,0..0.88
8.45,100,6.12,10.44,7.85,23.56,5.54,8.06,88.63,3.79,0.43,136.19,17.98,85.73,0.25,0..0.88
8.46,100,3.33,5.44,59.31,25.56,3.1,12.18,58.76,8.47,0.67,621.76,93.71,42.79,0.25,0..0.88
0.08,100,9.83,3.61,47.47,28.39,9.64,98.58,39.54,6.76,0.1,200.07,76.64,44.56,0.26,0..0.88
5.28,100,0.93,5.37,70.21,25.63,3.24,73.24,55.74,5.26,0.77,865.49,75.68,20.76,0.26,0..0.88
6.24,29.87,9.22,14.98,6.25,0.02,1.36,21.18,66.9,8.56,0.36,112.08,61.83,23.78,0.26,0..0.88
6.71,42.61,6.02,10.72,55.86,5.28,1.58,16.61,74.2,3.42,0.28,338.3,22.77,60.78,0.26,0..0.88
7.82,21.43,2.69,14.74,8.91,0.26,1.16,63.39,94.67,7.05,0.8,253.72,1.87,12.84,0.26,0..0.88
0.36,100,5.94,9.74,14.35,23.26,6.57,92.76,19.97,6.64,0.97,336.5,52.27,1.8,0.27,0..0.88
4.43,100,6.63,9.69,36.23,24.31,8.19,96.99,58.23,5.61,0.37,772.99,34.45,48.01,0.27,0..0.88
5.62,100,3.74,4.48,60.53,28.52,6.36,11.35,46.77,1.85,0.32,743.75,85.61,52.81,0.27,0..0.88
6.13,89.42,1,12.3,83.95,19.7,7.07,49.29,81.49,2.95,0.03,98.21,60.15,89,0.27,0..0.88
9.31,100,8.75,12.22,5.93,20.78,6.72,57.45,32.6,5.61,0.8,765.66,83.04,40.41,0.27,0..0.88
9.59,100,2.08,5.43,64.87,27.57,1.77,81.74,89.27,9.43,0.76,0,39.91,36.67,0.27,0..0.88
3.68,100,7.16,8.27,87.86,23.73,6.81,74.58,29.4,1.95,0.64,753.48,75.48,64.37,0.28,0..0.88
5.22,40.37,4.68,14.6,20.59,2.4,2.47,50.15,85.89,2.26,0.25,841.26,22.29,60.46,0.28,0..0.88
7.74,100,5.95,8.78,30.94,23.22,9.46,90.58,39.16,2.63,0.07,722.41,47.54,20.65,0.28,0..0.88
9.18,69.6,9.1,16.75,47.52,12.25,0.9,15.65,61.09,9.33,0.9,375.21,43.19,86.07,0.28,0..0.88
0.96,34.55,4.1,4.05,90.73,7.95,5.96,54.54,86.6,4.94,0.07,877.88,48.28,73.64,0.29,0..0.88
1.11,86.03,0.11,13.02,62.16,17.98,9.14,4.06,96.98,3.82,0.06,896.87,60.06,45.53,0.29,0..0.88
2.39,100,5.37,1.3,95.57,28.7,6.45,65.39,47.89,4.48,0.56,148.67,12.79,64.74,0.29,0..0.88
3.42,100,9.72,4.56,47.87,26.44,3.93,24.06,35.39,9.15,0.52,141.19,33.18,18.49,0.29,0..0.88
6.12,36.24,1.93,4.39,80.11,7.61,2.41,39.42,74.08,4.66,0.93,356.93,59.17,18.23,0.29,0..0.88
7.63,22.17,3.02,7.38,45.52,3.62,1.08,17.31,93.72,3.66,0.81,8.13,74.32,8.64,0.29,0..0.88
7.83,77.79,6.66,25.92,22.09,7.08,2.09,10.53,32.77,9.1,0.02,219.49,33.21,87.29,0.29,0..0.88
3.24,76.39,0.19,10.48,86.76,13.52,3.3,21.45,68.88,4,0.15,553.42,41.11,37.42,0.3,0..0.88
3.58,100,2.82,5.73,7.78,25.27,4.34,89.7,93.61,7.46,0.86,43.08,44.2,35.66,0.3,0..0.88
5.09,100,4.69,8.03,7.2,24.97,5.7,24.86,12.98,7.7,0.9,0,96.85,50.8,0.3,0..0.88
9.02,28.66,2.8,14.04,3.54,0,1.88,0.89,47.93,5.8,0.28,231.56,87.5,53.48,0.3,0..0.88
9.94,100,9.7,3.08,26.95,27.92,6.58,56.78,50.95,8.89,0.06,74.25,1.83,24.16,0.3,0..0.88
0.94,100,8.31,12.17,5.22,21.83,5.43,9.86,92.44,2.93,0.82,30.47,45.94,5.44,0.32,0..0.88
9.69,100,8.95,3.5,54.51,26.5,9.89,49.3,65.73,5.37,0.01,445.25,76.21,34.37,0.32,0..0.88
0.04,24.16,5.08,8.2,20.95,1.8,1.43,20.87,71.63,4.45,0.92,99.19,71.08,82.11,0.33,0..0.88
0.97,100,4.87,3.3,90.19,26.7,5.45,94.4,17.68,1.93,0.86,248.55,91.16,49.58,0.33,0..0.88
1.3,100,7.64,2.36,69.06,24.64,5.94,62.61,76.74,7.09,0.28,844.48,51.68,88.93,0.33,0..0.88
1.42,100,1.73,15.28,4.14,19.72,9.2,94.93,29.35,1.96,0.51,676.43,82.33,32.66,0.33,0..0.88
2.11,31.59,5.74,6.68,48.56,4.32,2.9,55.08,72.61,3.41,0.08,587.48,17.87,93.68,0.33,0..0.88
2.35,100,1.69,10.09,22.09,22.91,8.06,95.39,61.27,9.36,0.83,97.9,34.52,69.91,0.33,0..0.88
5.66,100,8.41,8.26,93.58,23.74,4.8,5.36,17.52,1.36,0.59,788.79,80.29,84.03,0.33,0..0.88
6.94,100,7.27,4.46,58.9,26.54,7.73,24.22,86.42,6.74,0.29,213.39,3.63,70.97,0.33,0..0.88
9.76,55.55,3.52,15.37,29.27,5.63,3.45,92.99,52.56,1.81,0.43,542.45,90.27,52.87,0.33,0..0.88
3.2,28.15,5.68,9.56,36.53,0.44,0.33,72.84,47.84,9.3,0.66,833.77,54.97,63.07,0.34,0..0.88
1.57,47.73,4.49,5.36,89.67,8.64,3.89,86.59,4.41,3.95,0.36,164.7,6.16,60.98,0.35,0..0.88
2.08,21.94,8.71,4.24,36.93,1.76,2.13,43.27,76.3,4.9,0.07,559.78,51.73,36.21,0.35,0..0.88
2.54,100,5.25,8.41,55.95,22.59,5.97,3.9,47.85,6.19,0.18,85.11,28.93,12.75,0.35,0..0.88
2.56,21.85,3.26,3.11,54.34,2.89,3.37,5.91,12.79,3.84,0.49,669.22,81.38,89.26,0.35,0..0.88
5.4,100,0.3,8.96,23.99,22.04,5.07,49.02,98.21,4.54,0.17,0,98.34,59.73,0.35,0..0.88
8.12,73.39,3.44,20.12,29.33,9.88,7.49,28.69,11.59,2.07,0.2,517,79.55,66.81,0.35,0..0.88
8.36,66.15,4.93,25.07,16.3,3.93,3.49,70.28,24.48,8.93,0.35,749.37,42.58,30.2,0.35,0..0.88
0.83,100,4.53,4.45,59.65,26.55,8.14,10.15,89.03,2.39,0.92,416.82,6.15,89.03,0.36,0..0.88
2.67,67.1,5.73,6.75,96.08,13.25,2.45,68.03,38.54,8.31,0.59,874.64,59.92,54.41,0.36,0..0.88
7.78,100,9.83,7.56,38.95,21.44,4.93,14.7,93.72,5.71,0.29,197.8,58.93,4.1,0.36,0..0.88
8.53,100,4.7,1.44,51.81,22.56,6.23,78.78,94.23,4.41,0.86,328.67,42.58,24.62,0.36,0..0.88
9.56,82.57,8.28,30.11,20.12,5.89,1.83,99.84,66.83,3.13,0.71,750.66,62.22,76.66,0.36,0..0.88
1.49,38.79,0.47,12.77,13.86,1.23,2.53,58.54,63.95,4.14,0.84,416.92,52.79,58.89,0.37,0..0.88
5.95,100,8.77,8.25,89.76,21.75,3.78,51.22,70.13,7.23,0.85,60.31,88.42,31.87,0.37,0..0.88
7.59,100,2.25,9.62,35.54,21.38,7.22,50.45,43.78,2.56,0.11,771.8,42.04,65.91,0.37,0..0.88
9.57,100,6.42,8.31,64.11,19.69,1.25,23.19,44.49,9.69,0.63,388.34,90.7,16.18,0.37,0..0.88
2.12,18.64,9.36,4.3,83.57,0.7,0.95,14.1,39.43,4.6,0.84,913.77,97.8,19.86,0.38,0..0.88
2.69,100,5.52,19.74,2.3,15.26,4.08,21.73,89.3,9.19,0.91,600.25,42.62,34.15,0.38,0..0.88
2.99,100,4.61,4.31,70.31,21.69,8.62,16.05,81.28,2.68,0.94,284.29,44.79,13.06,0.38,0..0.88
4.28,100,0.11,5.28,88.51,24.72,2.84,88.21,49.17,8.59,0.51,754.7,95.78,6.79,0.38,0..0.88
5.17,22.14,9.18,2.3,75.35,2.7,4.18,16.32,83.17,2.7,0.62,703.44,92.9,86.01,0.38,0..0.88
6.61,100,5.68,9.27,78.12,20.73,4.21,61.7,85.98,4.87,0.79,0,82.07,1.75,0.38,0..0.88
6.71,100,3.6,17.99,2.78,16.01,3.49,5.02,57.51,6.79,0.2,510.08,86.87,9.62,0.38,0..0.88
7.14,36.38,6.16,9.34,94.4,3.66,1.16,29.32,78.26,3.38,0.83,602.71,27.87,59.95,0.38,0..0.88
9.16,82.21,6.55,9.54,88.1,16.46,3.64,90.91,15.87,3.16,0.56,720.89,25.27,81.02,0.38,0..0.88
9.58,100,1.84,3.35,11.49,24.65,9.17,57.1,49.56,4.7,0.47,721.39,31.22,14.72,0.38,0..0.88
0.63,100,6.93,3.25,94.68,23.75,5.48,18.16,24.14,9.29,0.22,361.57,97.09,52.03,0.4,0..0.88
7.44,100,3.79,3.23,92.54,20.77,8.3,14.14,35.36,5.92,0.8,488.07,9.15,95.77,0.4,0..0.88
8.04,100,9.15,8.31,16.8,20.69,3.99,98.7,39.18,6.45,0.95,799.7,50.83,64.59,0.4,0..0.88
9.67,100,0.87,4.67,36.08,23.33,6.66,7.6,35.54,4.88,0.68,761.4,7.09,99.88,0.4,0..0.88
3.04,66.25,9.01,13.21,34.01,7.79,7.9,92.07,25.11,1.33,0.3,593.81,31.57,56.19,0.41,0..0.88
4.48,56.96,9.27,16.93,21.63,3.07,2.84,76.46,1.38,2.73,0.06,695.27,21.68,78.59,0.41,0..0.88
4.58,100,7.47,2.82,30.64,24.18,5.89,20.22,4.01,8.94,0.8,670.56,49.22,40.97,0.41,0..0.88
4.59,100,5.75,2.24,96.42,22.76,9.33,1.62,94.67,3.53,0.3,0.33,87.25,5.71,0.41,0..0.88
6.42,100,2.6,2.26,98.52,25.74,3.34,91.04,83.43,8.95,0.84,726.72,74.2,78.96,0.41,0..0.88
0.29,39.89,4.58,3.83,78.32,6.17,2.71,95.3,34.95,6.46,0.91,501.1,25.1,22.2,0.42,0..0.88
1.37,100,9.44,5.37,16.78,21.63,7.97,85.31,10.13,7.47,0.29,135.95,7.83,96.78,0.42,0..0.88
4.24,100,3.16,7.22,85.91,18.78,4.52,76.23,68.65,1.46,0.81,783.48,69.74,76.14,0.42,0..0.88
5.99,100,6.04,4.25,93.42,22.75,8.84,79.96,45.95,4.42,0.56,0,92.05,64.65,0.42,0..0.88
7.63,100,0.6,3.3,85.92,25.7,4.93,25.12,37.44,7.76,0.16,432.98,93.74,97.66,0.42,0..0.88
0.51,100,2.88,6.4,50.28,19.6,7.73,69.62,11.48,7.87,0.04,664.8,92.15,21.38,0.43,0..0.88
0.83,65.2,2.3,23.71,2.44,0,2.63,2.89,84.17,8.17,0.82,113.41,86.24,80.05,0.43,0..0.88
1.75,100,6.54,6.49,46.55,22.51,6.46,25.73,23.6,2.18,0.9,827.34,50.41,92.29,0.43,0..0.88
3.45,100,1.52,3.56,15.35,22.44,6.09,70.09,29.42,4.84,0.58,33.65,64.06,69.7,0.43,0..0.88
5.76,100,4.2,8.44,45.56,19.56,5.06,7.5,47.76,6.07,0.55,601.92,95.25,83.39,0.43,0..0.88
7.94,63.24,7.5,7.31,49.92,7.69,4.47,99.24,8.56,1.82,0.88,480.92,33,86.16,0.43,0..0.88
9.16,84.63,0.04,13.3,59.13,12.7,7.28,1.92,48.22,1.27,0.25,286.93,33.4,5.19,0.43,0..0.88
4.09,100,2.45,8.23,85.5,19.77,3.68,59.49,59.53,9.48,0.34,680.85,76.21,33.5,0.44,0..0.88
6.92,100,6.6,6.47,47.09,21.53,9.16,14.17,70.97,5.72,0.51,413.45,89.93,60.67,0.44,0..0.88
8.14,100,8.91,9.83,26.4,21.17,9.45,28.45,79.82,7.08,0.54,498.48,89.39,43.12,0.44,0..0.88
1.2,100,0.27,4.27,82.34,21.73,8.93,8.14,82.39,4.89,0.86,475.94,29.87,30.72,0.45,0..0.88
5.05,100,7.55,3.42,57.02,23.58,6.71,19.33,38.64,1.07,0.81,552,60.87,87.76,0.45,0..0.88
9.67,39.37,0.95,11.6,2.84,0,2.27,62.57,33,7.61,0.94,758.12,31.36,18.16,0.45,0..0.88
0.34,100,6.37,7.09,4.6,21.91,5.67,37.26,56.25,6.98,0.83,677.56,81.03,47.73,0.46,0..0.88
2.47,83.79,4.14,19.47,26.52,7.53,2,39.64,59.58,8.67,0.66,76.32,45.74,54.9,0.46,0..0.88
4.51,100,9.17,8.36,53.47,18.64,9.99,17.45,2.69,6.38,0.04,331.17,73.44,68.88,0.46,0..0.88
5.3,100,0.66,9.97,20.71,19.03,8.68,75.62,84.7,9.31,0.71,160.35,77.57,30.06,0.46,0..0.88
6.24,45.28,6.61,11.59,11.76,0.41,1.94,3.87,59.06,4.17,0.32,53.71,16.55,86.25,0.47,0..0.88
6.91,100,3.7,9.24,75.64,17.76,7.97,68.85,34.31,4.05,0.33,712.9,96.26,93.36,0.47,0..0.88
4.34,62.59,3.49,10.26,51.82,6.74,4.75,33.93,82.76,1.61,0.41,706.52,49.53,76.29,0.48,0..0.88
6.53,46.65,7.65,11.72,18.97,2.28,4.96,1.02,37.14,2.88,0.29,39.74,4.48,53.29,0.48,0..0.88
7.09,100,5.23,6.24,78.02,18.76,6.35,57.21,96.04,2.31,0.72,186.68,23.36,65.93,0.48,0..0.88
8.34,49.68,4.81,9.22,31.32,3.78,1.88,57.33,32.75,8.73,0.02,366.52,7.23,66.18,0.48,0..0.88
9.7,100,1.17,6.76,25.07,18.24,6.66,27.43,38.97,7.18,0.85,0,64.11,74.72,0.48,0..0.88
2.26,57.63,3.78,6.32,59.68,6.68,6.31,66.31,67.34,2.4,0.39,896.08,78.48,44.57,0.49,0..0.88
4.29,100,6.81,3.22,97.82,21.78,7.32,80.91,82.09,7.01,0.53,398.88,31.38,16.68,0.49,0..0.88
8.4,100,2.25,6.06,7.52,19.94,9.6,28.93,60.42,4.5,0.9,298.04,67.31,18.39,0.49,0..0.88
9.67,86.15,9.84,7.78,81.41,13.22,5.15,39.97,9.02,4.48,0.4,332,32.53,21.48,0.49,0..0.88
9.96,100,5.82,1.39,64.65,24.61,7.59,8.22,13.33,7.94,0.62,875.18,40.01,57.51,0.49,0..0.88
2.37,100,8.42,6.24,80.29,18.76,5.39,67.07,90.85,4.88,0.26,653.46,64.7,82.48,0.5,0..0.88
3.99,39.06,6.67,4.01,42.75,0.99,1.99,86.55,85.38,6.51,0.03,145.37,60.16,74.89,0.5,0..0.88
4.36,100,4.57,4.49,13.41,18.51,5.49,24.47,64.63,6.5,0.75,38.89,51.14,39.57,0.5,0..0.88
5.42,100,0.06,8.17,95.38,15.83,5.76,69.16,55.14,9.74,0.54,20.92,88.83,74.94,0.5,0..0.88
6.27,100,5.35,6.66,34.87,22.34,8.72,18.76,85.8,9.66,0.51,885.14,19.97,36.24,0.5,0..0.88
7.37,100,1.21,7.61,12.41,18.39,6.85,15.71,94.14,6.25,0.83,0,52.56,63.4,0.5,0..0.88
8.73,100,9.13,5.72,11.6,18.28,8.91,32.21,58.85,7.32,0.16,200.2,73.5,25.63,0.5,0..0.88
8.74,100,6.34,6.31,16.05,19.69,3.56,62.96,26.46,8.34,0.61,837.18,84.78,76.98,0.5,0..0.88
1.86,100,4.96,9.22,86.13,18.78,8.39,43.84,55.65,3.61,0.02,133.85,22.66,46.5,0.51,0..0.88
3.31,100,3.44,2.23,91.46,20.77,4.34,37.66,92.24,8.58,0.41,193.92,96.04,37.55,0.51,0..0.88
4.56,100,4.38,7.1,19.08,19.9,2.76,62.08,17.38,5.3,0.53,169.35,32.84,97.13,0.51,0..0.88
4.94,100,1.81,6.37,54.58,19.63,6.31,16.99,87.57,6.51,0.61,88.34,64.82,5.29,0.51,0..0.88
6.03,100,5,9.04,6.9,17.96,8.09,55.29,20.63,1.89,0.82,372.65,41.42,68.23,0.51,0..0.88
8.35,100,6.01,9.3,56.28,16.7,8.56,68.6,75.77,2.32,0.36,702.41,73.72,93.21,0.51,0..0.88
0.23,100,5.38,5.53,39.98,20.47,3.52,31.16,84.48,3.14,0.97,518.26,2.69,87.51,0.52,0..0.88
2.69,100,2.41,4.23,94.99,21.77,7.21,85.4,8.32,3.39,0.34,893.87,67.68,44.02,0.52,0..0.88
3.05,100,3.84,8.26,70.32,17.74,6.82,79.91,83.15,9.16,0.99,203.71,66.31,38.07,0.52,0..0.88
3.05,74.42,6.4,23.96,6.34,0.04,6.23,7.32,75.6,3.34,0.09,604.63,78.02,28.91,0.52,0..0.88
4.51,100,2.85,7.45,38.03,16.55,6.8,20.51,61.07,8.86,0.54,133.13,34.34,87.54,0.52,0..0.88
5.04,100,5.47,8.24,69.42,16.76,5.56,1.54,90.32,6.63,0.99,652.67,30.14,95.15,0.52,0..0.88
6.35,100,6.58,8.21,6.55,17.79,8.18,34.69,44.1,4.39,0.29,895.79,6.51,44.05,0.52,0..0.88
6.68,100,9.03,5.85,7.38,18.15,4.38,31.68,15.79,7.21,0.18,704.05,84.23,74.87,0.52,0..0.88
8.97,100,9.56,8.54,29.84,15.46,8.36,78.38,70.13,9.89,0.72,484.56,65.6,45.41,0.52,0..0.88
1.84,100,6.86,5.25,68.31,16.75,3.85,38.43,94.27,8.29,0.87,120.88,35.34,51.07,0.53,0..0.88
2.74,100,3.17,5.61,32.86,19.39,6.42,10.41,24.21,4.59,0.93,170.07,4.09,14.76,0.53,0..0.88
2.82,100,4.65,8.84,20.32,16.16,9.26,23.98,93.27,3.92,0.68,515.31,61.44,28.89,0.53,0..0.88
4.82,100,4.17,5.57,36.55,20.43,8.27,27.97,41.3,9.65,0.95,580.56,29.94,60.88,0.53,0..0.88
6.7,37.55,8.32,2.52,98.1,1.48,6.04,42.33,21.11,2.33,0.77,465.22,2.02,66.45,0.53,0..0.88
0.33,100,4.36,9.27,67,17.73,5.39,68.98,91.97,9.03,0.85,195.12,54.88,12.78,0.54,0..0.88
1.27,55.03,5.55,18.08,12.22,0.92,4.43,5.23,82.15,1.52,0.33,302,11.46,89.59,0.54,0..0.88
6.47,100,5.46,5.19,93.67,17.81,6.42,76.61,10.31,4.09,0.73,55.75,22.3,74.55,0.54,0..0.88
6.49,85.12,9.32,14.62,51.27,8.38,1.77,59.39,57.58,4.2,0.95,0,51.32,9.49,0.54,0..0.88
8.65,100,4.23,4.42,43.18,17.58,8.76,25.29,65.96,4.15,0.45,149.39,25.92,20.29,0.54,0..0.88
9.55,100,9.88,6.45,44.14,19.55,7.33,82.79,71.72,9.49,0.82,0,71.95,49.47,0.54,0..0.88
9.94,100,0.42,5.32,65.54,20.68,4.06,69.75,10.48,7.94,0.11,719.87,79.93,81.53,0.54,0..0.88
2.12,100,6.93,7.5,33.68,16.5,8.22,11.89,46.26,2.52,0.23,0,50.01,38.41,0.55,0..0.88
2.98,100,9.96,9.54,10.38,14.46,8.36,41.08,14.01,3.54,0.36,556.3,57.41,38.49,0.55,0..0.88
3.78,100,4.64,8.25,67.57,16.75,4.31,53.55,18.71,5.39,0.13,235.12,97.32,49.69,0.55,0..0.88
5.1,68.82,8.59,8.44,61.67,5.56,2.92,71.12,80.35,3.33,0.74,436.29,75.61,66.57,0.55,0..0.88
6.49,100,4.26,6.46,41.29,18.54,4.98,38.98,74.58,9.08,0.75,305.85,58.86,73.65,0.55,0..0.88
7.17,80.09,2.09,26.98,5.82,0.02,1.46,36.97,69.83,8.08,0.64,900.77,93.74,52.38,0.55,0..0.88
7.93,100,0.91,7.37,43.7,15.63,2.13,21.9,79.52,8.23,0.56,802.61,35.34,13.08,0.55,0..0.88
2.41,41.92,0.77,5.94,29.28,1.06,1.38,62.58,53.85,7.14,0.59,744.54,74.89,38.88,0.56,0..0.88
4.22,48.04,7.22,6.19,22.95,1.81,9.4,44.59,38.12,1.23,0.54,182.44,90.24,4.03,0.56,0..0.88
5.76,100,9.51,6.25,67.86,16.75,3.63,48.81,65.41,9.34,0.22,195.22,5.81,43.71,0.56,0..0.88
6.74,100,4.72,9.25,64.67,15.75,6.07,28.89,9.69,4.88,0.47,0,79.84,98.04,0.56,0..0.88
7,100,9.81,5.22,92.51,19.78,7.78,4.17,84.19,9.63,0.14,708.14,27.49,91.37,0.56,0..0.88
7.23,100,7.14,7.53,11.11,15.47,3.98,45.3,62.7,5.43,0.43,0,91.23,43.28,0.56,0..0.88
8.77,100,0.73,3.31,60.7,18.69,8.58,4.34,17.11,6.59,0.85,0,31.48,54.21,0.56,0..0.88
0.87,100,4.2,4.3,67.2,19.7,8.59,55.33,78.64,5.32,0.79,571.97,27.27,28.6,0.57,0..0.88
5.92,100,3.39,3.63,30.03,18.37,9.93,82.08,69.77,2.82,0.98,3.3,32.36,60.26,0.57,0..0.88
7.28,100,5,9.47,12.23,16.53,4.71,71.51,8.01,8.95,0.47,231.55,7.78,27.56,0.57,0..0.88
4.61,100,9.62,9.92,8.35,14.08,3.01,23.33,42.04,6.17,0.37,600.85,76.86,50.91,0.58,0..0.88
6.01,42.44,2.16,4.43,67.02,2.57,3.88,87.92,43.97,2.44,0.85,800.16,34.21,88.97,0.58,0..0.88
6.41,100,1.18,4.71,26.88,18.29,9.38,38.49,74.64,4.53,0.67,168.15,10.11,35.07,0.58,0..0.88
0.66,100,6.6,6.21,81.58,16.79,7.49,33.19,29.32,3.97,0.08,770.44,32.45,87.25,0.59,0..0.88
4.06,100,7.32,6.24,69.82,16.76,2.39,6.21,71.77,6.53,0.96,0,59.88,97.91,0.59,0..0.88
5.76,71.64,7.05,7.48,63.46,7.52,2.31,16.11,64.85,8.18,0.52,607.4,22.84,97.58,0.6,0..0.88
6.86,100,0.42,12.35,3.55,13.65,2.03,97.75,90.6,8.83,0.19,0,31.12,25.42,0.6,0..0.88
0.38,100,5.59,9.7,19.92,13.3,7.3,76.81,45.97,1.54,0.35,352.78,40.09,6.46,0.61,0..0.88
1.31,100,3.17,4.51,39.57,19.49,8.8,5.26,6.49,6.34,0.83,119.65,88.15,73.09,0.61,0..0.88
2.04,81.23,0.73,17.59,25.21,4.41,1.81,81.05,6.44,4.53,0.85,113.67,60.6,22.44,0.61,0..0.88
5.64,100,3.52,5.4,39.98,15.6,6.82,94.87,62.06,8.83,0.41,703.76,84.49,61.01,0.61,0..0.88
9.02,41.11,8.65,4.55,37.47,0.45,1.22,27.85,57.38,8.12,0.58,747.01,42.1,99.88,0.61,0..0.88
0.73,72.35,9.01,21,3.97,0,8.25,68.02,39.34,7.53,0.06,418.22,80.07,63.88,0.62,0..0.88
1.79,100,6.14,6.36,43.92,15.64,3.78,19.01,7.89,7.76,0.57,859.65,96.66,99.17,0.62,0..0.88
3.04,100,5.71,3.21,83.96,17.79,7.88,62.12,53.27,7.81,0.44,437.9,58.51,44.54,0.62,0..0.88
3.92,100,5.76,7.17,99.81,16.83,3.74,55.73,44.38,8.96,0.74,460.47,55.84,12.64,0.62,0..0.88
4.26,49.92,9.65,3.28,90.59,0.72,1.96,66.73,83.89,8.06,0.9,835.7,6.02,8.57,0.62,0..0.88
9.46,100,4.85,7.37,40.79,14.63,6.6,83.31,1.97,4.8,0.36,367.64,51.52,74.73,0.62,0..0.88
0.9,100,9.85,9.69,9.49,14.31,8.83,37.09,2.46,4.56,0.71,0,44.89,13.69,0.63,0..0.88
1.13,100,0.81,3.26,69.07,17.74,8.75,88.9,5.19,7.35,0.12,627.1,91.48,57.28,0.63,0..0.88
1.66,100,6.08,21.86,1.45,7.14,9.78,62.29,4.35,6.64,0.14,357.77,86.31,33.87,0.63,0..0.88
5.01,90.44,1.38,13.86,44.39,8.14,2.41,35.56,0.75,4.61,0.61,35.82,83.06,40.38,0.63,0..0.88
6.13,100,3.36,13.71,1.81,10.29,8.12,26.28,46.55,6.41,0.65,891.49,16.4,94.91,0.63,0..0.88
8.88,100,5.08,9.44,29.57,12.56,2.09,29.5,52.07,4.48,0.91,805.17,85.53,11.48,0.63,0..0.88
2.18,70.14,3.55,6.48,69.4,6.52,3.72,84.92,86.77,3.07,0.94,286.39,99.05,79.13,0.64,0..0.88
4.85,100,7.58,5.35,43.22,14.65,9.33,1.35,1.72,7.65,0.95,226.26,11.42,51.03,0.64,0..0.88
8.59,100,0.27,5.35,13.33,16.65,8.18,16.83,2.43,4.78,0.83,868.22,64.15,57.32,0.64,0..0.88
0.62,100,3.48,3.88,20.53,17.12,8.92,88.11,97.09,5.1,0.84,838.75,75.3,84.41,0.65,0..0.88
2.06,100,1.43,23,1.5,7,5.34,56.52,88.72,1.58,0.48,261.15,89.47,35.51,0.65,0..0.88
2.86,100,5.08,4.29,54.93,15.71,7.11,50.93,87.01,3.57,0.35,404.28,99.08,75.09,0.65,0..0.88
3.02,100,2.49,7.29,54.92,15.71,8.33,77.12,69.69,8.73,0.09,798.16,61.28,7.75,0.65,0..0.88
5.54,100,1.49,4.83,20.39,16.17,4.35,46.83,87.19,5.84,0.2,31.13,20.45,80.37,0.65,0..0.88
6.44,100,9.69,4.85,21.15,17.15,8.81,83.03,59.55,5.04,0.82,0,43.76,73.96,0.65,0..0.88
0.95,54.93,3.51,5.92,31.91,3.08,6.18,20.04,86.63,5.16,0.45,694.6,15.3,20.19,0.66,0..0.88
1.49,100,4.68,2.14,97.15,13.86,8.89,5.47,74.1,5.87,0.43,830.54,51.24,17.26,0.66,0..0.88
3.53,75.16,3.7,5.93,75.1,6.07,6.55,15.79,31.37,1.39,0.81,446.5,35.19,57.92,0.66,0..0.88
4.1,100,4.74,3.21,62.07,12.79,9.96,64.86,17,7.14,0.56,745.12,24.04,78.23,0.66,0..0.88
7.3,100,2.59,9.24,54.66,12.76,9.99,82.72,85.09,1.96,1,739.01,54.58,31,0.66,0..0.88
7.37,83.58,6.05,7.45,65.65,9.55,5.28,68.92,36.82,1.67,0.83,126.31,88.72,27.64,0.66,0..0.88
4.08,100,3.82,2.6,30.25,17.4,9.6,97.12,11.92,2.14,0.91,702.91,17.31,33.22,0.67,0..0.88
4.36,100,2.09,9.12,99.89,11.88,6.87,61.72,66,4.51,0.95,692.32,17.33,4.85,0.67,0..0.88
5.38,100,4.45,5.43,32.32,13.57,4.94,48.76,44.58,7.78,0.17,641.06,58.54,32,0.67,0..0.88
6.23,100,4.26,6.35,46.36,15.65,3.63,56.18,34.61,5.54,0.48,0,57.43,20.78,0.67,0..0.88
7.34,100,2.4,10.12,4.13,12.88,5.98,12.85,46.01,4.35,0.31,883.61,16.59,20.71,0.67,0..0.88
7.44,100,6.45,4.31,44.62,13.69,8.24,10.23,84.96,4.55,0.41,25.23,64.7,42.26,0.67,0..0.88
8.8,100,9.09,7.75,16.08,11.25,5.84,59.4,91.88,3.88,0.38,894.4,79.95,85.9,0.67,0..0.88
0.12,84.94,0.53,9.13,84.4,9.87,9.53,44.7,66.14,1.29,0.17,483.11,69.75,55.58,0.68,0..0.88
0.39,70.32,2.6,4.18,79.22,4.82,3.23,16.21,90.83,8.69,0.62,133.21,55.76,91.51,0.68,0..0.88
1.09,100,4.95,6.18,70.44,12.82,5.28,83.31,30.55,9.74,0.32,69.32,4.92,58.7,0.68,0..0.88
1.94,100,0.04,4.38,39.77,14.62,3.73,33.78,60.86,9.17,0.42,588.28,78.66,81.74,0.68,0..0.88
2.92,100,4.98,5.6,28.34,16.4,3.24,30.8,60.38,8.87,0.51,575.58,37.71,55.84,0.68,0..0.88
7.56,100,5.34,5.25,68.23,16.75,9.32,77.78,49.4,4.96,0.63,0,21.26,10.79,0.68,0..0.88
9.45,87.31,1.78,19.29,13.59,1.71,4.28,57.54,75.49,4.9,0.55,272.46,59.88,89.49,0.68,0..0.88
0.06,100,6.48,15.04,2.24,9.96,9.06,99.26,4.92,3.58,0.85,0,16.97,23.22,0.69,0..0.88
2.06,100,0.63,11.67,2.4,9.33,4.9,84.29,36.76,7.91,0.14,759.91,55.77,31.79,0.69,0..0.88
2.25,70.46,3.26,6.57,67.15,6.43,3.53,36.9,11.94,4.13,0.74,447.25,8,89.43,0.69,0..0.88
4.36,98.29,8.74,22.07,15.93,2.93,4.33,89.88,70.92,4.97,0.35,838.52,9.18,81.94,0.69,0..0.88
4.53,100,2.11,3.41,41.27,16.59,8.88,0.98,23.86,3.1,0.21,100.91,55.52,25.89,0.69,0..0.88
6.28,87.41,3.23,8.3,86.9,5.7,4.28,51.72,90.61,3,0.3,62.28,66.39,16.02,0.69,0..0.88
8.57,100,2.47,8.17,66.44,10.83,7.58,55.91,17.03,8.18,0.86,318.2,17.42,33.49,0.69,0..0.88
1.16,48.4,6.37,1.83,55.95,1.17,6.83,60.58,18.8,5.77,0.59,641.18,45.29,61.49,0.7,0..0.88
5.45,100,8.98,6.13,91.01,11.87,5.61,75.1,73.98,5.91,0.33,687.72,30.22,24.44,0.7,0..0.88
7.78,100,2.43,5.38,39.93,14.62,3.81,3.55,43.9,7.33,0.67,697.61,18.13,55.33,0.7,0..0.88
9.55,100,9.16,4.56,27.02,14.44,9.59,70.76,9.24,5.21,0.36,251.11,8.06,90.84,0.7,0..0.88
2.19,83.99,3.13,10.21,67.16,5.79,4.9,44.5,17.18,2.23,0.15,0,84.41,63.29,0.71,0..0.88
5.37,100,0.46,7.28,35.58,9.72,4.26,99.73,92.93,9.92,0.77,88.77,34.56,93.91,0.71,0..0.88
1.65,87.65,8.47,15.66,22.74,4.34,5.32,72.35,64.97,4.12,0.24,445.09,70.92,19.76,0.72,0..0.88
3.22,72.39,3.95,11.8,14.13,1.2,6.02,65.95,92.58,9.57,0.2,141.05,15.88,27.58,0.72,0..0.88
4.17,90.16,8.08,24.9,7.17,0.1,2.65,96.34,2.44,4.56,0.34,460.1,85.28,45.88,0.72,0..0.88
6.18,100,1.96,5.2,60.62,11.8,3.95,34.23,38.59,8.38,0.09,22.42,42.63,14.17,0.72,0..0.88
9.93,100,8.34,8.14,84.36,11.86,9.91,45.9,83.55,1.39,0.5,77.6,90.76,29.27,0.72,0..0.88
0.21,73.15,1.43,10.34,46.22,3.66,2.14,66.74,6.53,4.31,0.55,299.29,75.31,41.73,0.73,0..0.88
2.18,100,9.51,3.77,20.82,15.23,4.9,82.43,39.41,6.33,0.46,459.45,72.64,32.66,0.73,0..0.88
5.15,100,5.71,2.15,73.26,10.85,6.85,96.01,71.72,7.82,0.05,77.1,22.54,57.38,0.73,0..0.88
5,76.05,2.79,8.35,54.95,4.65,5.75,70.88,54.43,1.63,0.62,87.02,76.89,61.17,0.73,0..0.88
9.09,70.35,2.21,3.79,69.12,5.21,8.01,15.02,69.79,1.15,0.94,853.9,60,2.58,0.73,0..0.88
1.09,100,0.79,6.26,45.97,11.74,5.78,19.77,47.9,6.42,1,0,25.15,30.84,0.74,0..0.88
3.79,100,0.17,2.16,83.6,12.84,8.93,0.3,58.67,8.21,0.24,266.52,22.62,66.23,0.74,0..0.88
8.15,100,2.83,4.16,83.7,12.84,7.37,78.77,61.81,4.42,0.65,55.44,98.15,12.79,0.74,0..0.88
8.67,100,4.25,7.6,19.95,11.4,4.72,69.01,10.25,6.36,0.62,324.58,23.12,18.5,0.74,0..0.88
1.49,100,3.94,6.12,85.25,9.88,4.33,64.65,58.87,9.19,0.48,805.8,93.53,55.67,0.75,0..0.88
5.15,100,2.82,7.6,18.31,10.4,6.13,32.84,86.03,8.95,0.98,873.74,14.38,63.62,0.75,0..0.88
0.41,100,6.54,6.42,28.4,11.58,5.78,11.2,56.05,3.77,0.61,0,91.21,24.21,0.76,0..0.88
1.68,100,2.78,4.33,39.52,12.67,4.54,31.27,50.16,3.86,0.53,316.14,98.63,71.04,0.76,0..0.88
3.31,85.44,6.65,21.96,2.15,0,2.44,45.84,35.12,5.75,0.42,179.91,91.64,78.65,0.76,0..0.88
3.65,100,9.76,6.16,70.95,10.84,3.39,74.26,87.62,6.71,0.04,5.65,20.47,24.31,0.76,0..0.88
3.84,78.59,0.08,5.22,40.13,3.78,9.74,17.7,92.04,5.88,0.27,0,72.31,40.82,0.76,0..0.88
7.52,100,9.14,7.29,40.71,11.71,9.23,90.29,24.16,7.42,0.75,511.23,85.51,83.76,0.76,0..0.88
9.46,100,9.52,9.98,11.21,10.02,5.54,48.03,53.45,6.51,1,299.73,83.6,9.83,0.76,0..0.88
2.95,100,0.62,2.13,95.39,11.87,8.64,4.34,30.68,3.7,0.96,573.61,64.03,31.83,0.77,0..0.88
3.64,100,3.01,10.39,3.84,9.61,8.61,73.78,13.33,3.84,0.93,773.64,82.38,8.44,0.77,0..0.88
3.86,100,5.92,16.07,1.84,5.93,5.55,31.66,91.69,3.11,0.53,899.61,39.12,54.86,0.77,0..0.88
4.36,92.26,5.03,16.71,22.57,4.29,4.39,21.29,66.86,2.21,0.71,806.37,92.53,30.79,0.77,0..0.88
4.79,77.95,0.02,4.89,66.2,5.11,6.11,0.32,51.55,4.61,0.44,102.03,37.94,51.69,0.77,0..0.88
5.99,100,0.49,2.21,70.32,14.79,4.02,50.29,94.54,9.43,0.85,30.26,62.83,64.73,0.77,0..0.88
0.08,100,2.99,9.68,4.75,6.32,7.46,5.97,41.62,3.79,0.94,867.94,31.33,85.99,0.78,0..0.88
0.16,100,7.04,8.67,11.94,7.33,9.96,88.65,80.08,8.89,0.16,126.32,66.09,27.07,0.78,0..0.88
1.46,100,2.12,6.15,61.19,8.85,6.51,78.43,1.48,2.04,0.84,245.5,99.66,29.79,0.78,0..0.88
4.16,100,0.75,7.15,12.14,12.85,5.61,23.98,58.58,1.39,1,429.08,6.96,54.5,0.78,0..0.88
5.96,100,3.9,8.63,3.02,11.37,3.41,94.08,54.42,9.04,0.3,207.48,32.36,84.87,0.78,0..0.88
0.38,100,1.78,4.11,96.34,10.89,9.48,84.13,83.86,5.61,0.07,47.22,50.89,69.53,0.79,0..0.88
1.19,71.41,0.63,15.18,15.09,0.82,2.86,18.85,88.17,2.54,0.29,500.75,32.52,39.72,0.79,0..0.88
6.73,100,6.8,8.23,46.82,10.77,9.91,92.26,42.53,4.23,0.03,430.09,1.75,28.63,0.79,0..0.88
7.75,100,9.97,7.12,80.55,9.88,2.05,72.83,21.85,5.72,0.99,539.91,38.19,89.92,0.79,0..0.88
9.72,100,7.6,1.19,59.18,10.81,8.19,99.14,56.7,8.84,0.3,153.49,65.32,63.21,0.79,0..0.88
1.35,100,9.13,8.16,61.09,9.84,5.44,58.28,40.43,8.89,0.3,170.18,64.13,71.9,0.8,0..0.88
2.84,100,6.84,1.15,80.95,11.85,7.71,25.16,57.05,5.42,0.86,691.3,97.39,54.99,0.8,0..0.88
5.31,100,5.11,17.33,1.35,4.67,3.12,82.96,17.03,7.7,0.99,887.03,83.62,41.49,0.8,0..0.88
6.42,100,9,5.14,57.21,7.86,6.29,90.24,48.11,2.41,0.59,691.32,42.46,88.07,0.8,0..0.88
3.57,100,7.47,18.89,1.08,1.11,5.77,11.9,31.13,2.23,0.5,445.74,76.35,97.38,0.81,0..0.88
5.09,100,0.1,8.13,67.06,8.87,2.92,15.61,17.07,3.6,0.9,208.29,19.26,3.37,0.81,0..0.88
5.12,59.54,3.88,2.8,58.63,1.2,3.8,68.94,14.17,7.32,0.39,363.08,83.4,97.75,0.81,0..0.88
6.37,78.29,9.33,8.5,43.51,0.5,1.93,26.56,76.78,4.93,0.81,0,28.95,47.99,0.81,0..0.88
7.49,100,9.37,5.32,34.32,10.68,4.7,40.27,79.59,8.62,0.38,795.44,89.98,92.59,0.81,0..0.88
9.92,100,0.22,10.36,7.34,8.64,6.06,15.24,45.04,6,0.83,652.13,14.12,67.35,0.81,0..0.88
0.98,84.56,3.14,8.07,25.12,2.93,5.03,12.05,56.36,8.18,0.86,881.88,74.03,45.39,0.82,0..0.88
2.31,100,3.11,1.21,52.01,10.79,9.9,1.23,26.47,7.73,0.75,0,50.61,87.15,0.82,0..0.88
6.46,83.95,7.31,8.91,8.08,0.09,9.08,68.68,91.77,4.71,0.56,155.69,48.4,23.28,0.82,0..0.88
8.62,100,7.14,5.16,56.27,8.84,9.68,65.12,21.48,9.22,0.94,324.56,63.45,25.32,0.82,0..0.88
5.57,100,8.45,8.34,20.8,6.66,7.45,66.21,91.96,1.48,0.56,833.58,51.4,46.37,0.83,0..0.88
9.64,100,8.15,7.08,84.54,6.92,8.68,71.37,32.96,2.55,0.79,170.49,23.98,56.54,0.83,0..0.88
1.44,100,2.27,5.24,45.25,10.76,6.63,31.39,13.64,8.19,0.68,294.95,4.78,78.03,0.84,0..0.88
5.16,100,0.35,1.52,25.01,12.48,8.87,38.12,70.13,8.71,0.65,668.4,86.64,14.05,0.84,0..0.88
8.52,100,0.79,6.37,19.15,6.63,7.37,78.41,95.48,7.41,0.8,889.91,78.84,25.3,0.84,0..0.88
8.8,83.73,9.35,6.16,66.58,3.84,3.6,6.11,41.27,5.7,0.06,507.53,60.93,56.47,0.84,0..0.88
0.18,69.67,3.87,2.34,72.16,0.66,6.1,2.46,81.7,5.59,0.21,352.02,11.77,90.08,0.85,0..0.88
1.46,94.19,5.7,8.36,39.92,5.64,3.97,16.7,94.03,7.11,0.78,629.74,97.7,26.38,0.85,0..0.88
2,100,4.41,4.09,77.6,6.91,7.29,5.46,62.26,7.29,0.96,246.61,33.33,80.48,0.85,0..0.88
2.85,75.15,6.43,6.79,11.44,0.21,4.35,61.01,40.58,5.13,0.47,0,93.56,48.26,0.85,0..0.88
4.29,66.09,8.2,3.99,8.12,0.01,8.26,51.94,41.18,2.41,0.71,773.24,91.21,25.58,0.85,0..0.88
4.38,100,4.25,3.14,88.66,11.86,3.76,70.26,31.01,7.16,0.72,0,74.35,80.16,0.85,0..0.88
5.14,100,4.3,5.19,32.24,5.81,4.95,70.36,41.09,4.24,0.78,840.9,28.72,91.24,0.85,0..0.88
5.42,100,7.5,3.15,58.99,8.85,8.37,24.9,20.66,6.65,0.61,0,44.44,3.08,0.85,0..0.88
5.44,100,7.7,8.07,71.76,4.93,5.45,12.41,40.98,5.75,0.18,891.42,62.69,9.81,0.85,0..0.88
5.68,100,5.71,7.2,30.49,5.8,2.26,85.51,43.71,8.85,0.63,462.78,79.59,88.43,0.85,0..0.88
9.48,100,4.62,2.78,12.74,9.22,7.11,51.69,86.17,2.73,0.98,639.43,80.84,57.69,0.85,0..0.88
1.69,81.28,1.47,8.91,17.12,1.09,5.42,97.22,2.2,2.97,0.86,551.9,72.76,50.53,0.86,0..0.88
4.23,100,4.42,7.58,17.38,9.42,8.14,91.24,61.59,6.56,0.11,92.48,15.78,34.59,0.86,0..0.88
6.16,100,3.3,9.08,59.61,4.92,4.63,99.14,55.21,5.99,0.43,81.3,62.1,31.51,0.86,0..0.88
7.22,100,5.32,2.4,25.18,9.6,7.14,22.66,48.72,9.72,0.7,410.71,59.61,83.01,0.86,0..0.88
8.78,83.2,9.64,5.18,59.79,1.82,3.39,51.09,73.1,5.9,0.23,573.64,9.94,3.45,0.86,0..0.88
0.93,100,8.9,7.16,36.83,5.84,4.45,92.05,17.79,4.71,0.84,352.47,21.58,4.04,0.87,0..0.88
2.4,79.47,4.58,10.01,42.68,0.99,1.24,92.51,88.51,7.03,0.09,199.23,82.95,2.23,0.87,0..0.88
7.65,84.74,5.15,2.54,80.15,3.46,9.98,29.6,77.22,4.12,0.87,115.34,83.78,24.96,0.87,0..0.88
8.51,100,6.08,4.1,85.93,8.9,7.22,64.56,93.91,7.91,0.86,288.5,63.89,38.18,0.87,0..0.88
8.75,100,0.41,5.18,39.66,6.82,4.01,32.76,2.75,4.62,0.87,322.45,2.71,55.4,0.87,0..0.88
0.61,100,0.15,8.38,5.24,1.62,8.42,91.38,90.61,2.17,0.46,46.03,6.65,38.57,0.88,0..0.88
4.06,100,0.71,8.26,19.34,4.74,6.83,92.06,26.34,7.38,0.44,836.22,18.44,76.89,0.88,0.88..1
8.8,100,4.14,7.11,53.94,5.89,3.45,14.97,60.57,4.31,0.47,180.51,27.44,22.23,0.88,0.88..1
9.01,100,3.08,4.1,72.49,6.9,3.7,58.29,95.88,6.73,0.28,0,53.55,98.27,0.88,0.88..1
9.48,100,5.88,9.14,49.05,6.86,6.58,33.43,78.03,8.17,0.4,387.44,51.62,9.8,0.88,0.88..1
0.44,100,4.75,6.11,54.83,5.89,9.06,18.04,99.41,6.66,0.76,131.87,74.38,8.48,0.89,0.88..1
4.58,100,8.32,9.08,23.98,1.92,3.17,47.17,60.46,6.47,0.26,575.96,56.78,80.76,0.89,0.88..1
5.01,100,0.72,8.58,8.63,4.42,4.98,24.45,86.26,3.62,0.79,451.65,8.44,63.9,0.89,0.88..1
5.3,99.82,6.33,9.17,40.93,3.83,5.5,89.84,25.04,2.94,0.43,449.8,51.34,18.34,0.89,0.88..1
5.78,86.9,7.85,4.16,85.75,2.84,5.67,30.58,26.68,4.18,0.69,75.99,86.7,9.88,0.89,0.88..1
9.56,100,1.23,9.5,11.97,5.5,1.85,54.85,65.81,7.45,0.6,557.1,62.79,79.74,0.89,0.88..1
4.41,100,3.36,5.1,57.57,5.9,7.75,10.06,72.32,5.24,0.49,869.94,78.67,46.67,0.9,0.88..1
4.42,100,7.26,8.05,95.46,4.95,7.6,5.25,35.71,3.73,0.09,721.79,69.08,66.57,0.9,0.88..1
7.23,100,8.44,7.31,12.87,3.69,9.39,39.53,35.21,3.42,0.49,628.24,92.25,2.4,0.9,0.88..1
7.3,100,3.52,3.11,74.37,7.89,8.34,32.33,97.11,4.56,0.45,297.61,57.13,87.52,0.9,0.88..1
1.56,100,4.7,2.25,32.46,7.75,8.04,92.83,85.88,5.49,0.75,225.23,71.23,14.28,0.91,0.88..1
2.67,100,8.66,9.05,56.88,2.95,5.75,7.41,22.37,8.04,0.38,688.33,34.75,61.9,0.91,0.88..1
3.61,100,8.93,2.14,58.89,7.86,7.55,65.57,77.54,9.42,0.08,66.05,8.79,21.62,0.91,0.88..1
3.89,100,1.35,9.08,52.88,3.92,6,75.57,3.7,2.34,0,691.23,48.13,7.09,0.91,0.88..1
5.6,100,8.16,6.05,93.58,4.95,7.36,57.18,21.82,4.44,0.42,792.24,15.31,90.68,0.91,0.88..1
7.54,100,1.12,9.03,95.45,2.97,4.72,38.07,48.29,8.6,0.82,671.5,72.85,80.27,0.91,0.88..1
1.44,96.95,7.25,5.89,38.51,4.11,9.01,20.4,29.49,9.68,0.11,13.48,26.57,26.54,0.92,0.88..1
4.58,100,3.52,6.35,14.38,4.65,8.73,45.69,71.14,2.51,0.57,296.65,2.69,13.61,0.92,0.88..1
4.77,100,1.67,1.12,65.55,7.88,9.1,11.64,29.4,4.4,0.97,142.18,11.18,91.17,0.92,0.88..1
4.97,100,8.17,7.39,10.24,3.61,3.59,15.11,5.57,9.64,0.55,570.6,80.97,49.4,0.92,0.88..1
7.18,100,1.2,6.15,27.57,3.85,3.19,76.32,67.84,8.49,0.05,872.56,1.49,29.26,0.92,0.88..1
0.53,100,6.98,5.06,85.54,4.94,9.66,80.33,94.26,1.71,0.86,144.16,34.67,45.07,0.93,0.88..1
1.3,100,7.5,6.3,13.12,3.7,9.73,31.62,19.74,8.86,0.42,786.98,59.25,66.7,0.93,0.88..1
1.68,100,5.01,7.48,10.31,4.52,9.82,75.47,24.94,8.59,0.71,382.81,87.27,75.82,0.93,0.88..1
3.25,100,6.37,2.06,89.7,4.94,8.12,55.13,0.34,5.02,0.5,483.14,63.8,84.87,0.93,0.88..1
3.87,100,2.78,7.05,94.13,4.95,8.01,32.19,33.4,3.38,0.29,211.28,57.9,50.22,0.93,0.88..1
4.07,100,1.22,5.34,14.52,4.66,8.11,37.04,12.45,8.95,0.63,731.92,25.69,29.07,0.93,0.88..1
5.57,98.77,3.84,7.67,34.53,3.33,3.11,3.52,42.48,8.26,0.86,634.41,13.87,79.66,0.93,0.88..1
6.91,100,3.38,9.07,61.14,3.93,9.89,1.59,64.54,1.74,0.12,489.6,87.17,21.65,0.93,0.88..1
8.54,100,6.15,6.16,25.34,3.84,9.57,59.3,62.92,3.84,0.81,654.99,6.77,83.03,0.93,0.88..1
1.48,100,6.59,9.02,89.38,1.98,6.34,51.05,30.64,6.37,0.48,660,41.97,68.84,0.94,0.88..1
1.7,100,8.38,9.14,22.08,2.86,2.42,67.48,72.55,5.36,0.99,832.26,88.36,69.02,0.95,0.88..1
6.74,100,9.62,4.3,20.22,5.7,3.84,81.96,34.69,7.34,0.51,470.71,86.91,97.4,0.95,0.88..1
0.21,100,9.23,7.94,1.02,0.06,9.94,41.2,16.64,8.9,0.83,604.29,98.7,66.1,0.96,0.88..1
0.82,100,2.61,9.23,8.87,1.77,7.09,92.17,40.4,3.34,0.41,874.39,39.93,17.88,0.96,0.88..1
0.91,100,7.43,8.04,47.45,1.96,8.56,71.38,85.22,2.36,0.92,621.39,25.91,97.66,0.96,0.88..1
1.52,100,8.83,8.01,71.15,0.99,4.42,27.07,26.4,3.23,0.52,398.97,31.22,42.5,0.96,0.88..1
3.34,100,5.46,7.47,2.04,1.53,4.7,32.36,37.89,6.39,0.26,347.08,53.05,12.09,0.96,0.88..1
3.68,100,2.62,8.01,71.32,0.99,1.82,10.78,86.18,8.66,0.64,532.51,8.77,8.21,0.96,0.88..1
9.71,100,5.41,3.1,41.27,3.9,9.18,24.47,38.14,7.91,0.34,0,26.13,68.51,0.96,0.88..1
1.33,100,1.49,2.07,69.78,4.93,5.61,92.38,87.11,9.85,0.85,826.58,35.66,95.5,0.97,0.88..1
2.55,100,8.17,4.17,28.63,4.83,7.34,20.15,33.61,8.03,0.62,260.63,57.12,84.64,0.97,0.88..1
3.63,100,9.29,4.04,95.42,3.96,5.06,64.13,64.31,9.48,0.3,343.15,56.47,1.03,0.97,0.88..1
6.71,95.61,7.59,5.14,35.98,0.86,3.64,80.67,83.47,6.08,0.96,691.47,27.99,23.17,0.97,0.88..1
6.97,100,2.54,2.53,78.26,3.47,3.88,17.64,9.68,5.53,0,108.63,40.53,1.98,0.97,0.88..1
8.33,100,1.85,2.95,5.27,4.05,7.97,1.7,87.81,9.15,0.1,540.5,22.62,18.48,0.97,0.88..1
2.3,100,7.14,8.02,50.45,0.98,4.8,71.68,97.44,5.03,0.29,210.11,43.18,36.64,0.98,0.88..1
2.78,100,4.5,6.01,88.28,0.99,3.84,44.29,20.39,5.43,0.65,205.49,78.53,68.66,0.98,0.88..1
5.51,100,6,1.82,4.87,3.18,9.55,75.94,88.73,8.81,0.6,741.29,34.69,29.83,0.98,0.88..1
5.81,100,5.1,9.05,18.68,0.95,4.29,54.95,76.93,4,0.89,0,59.06,71.24,0.98,0.88..1
7.33,100,7.72,4,5.02,4,6.49,31.42,3.62,7.77,0.13,785.18,36.89,8.93,0.98,0.88..1
0.99,100,5.32,5.07,27.31,1.93,4.17,97.98,72.8,9.16,0.18,68.63,69.04,56.71,0.99,0.88..1
6.66,100,8.93,3.05,39.81,1.95,9.99,35.7,43.14,9.33,0.61,81.91,86.01,69.05,0.99,0.88..1
3.94,100,7.96,4.02,46.96,0.98,4.97,42.23,25.6,7.14,0.74,147.17,85.65,9.46,1,0.88..1
4.72,100,0.16,3.02,63.5,0.98,5.47,57.46,18.93,8.45,0.47,284.32,22.26,58.96,1,0.88..1
5.38,100,1.3,3.93,2.86,0.07,8.54,51.18,6.62,1.56,0.73,810.1,7.76,1.31,1,0.88..1
5.38,100,5.89,3.02,80.9,1.98,6.04,99.77,13.25,7.29,0.48,335.8,74.38,4.07,1,0.88..1
7.51,100,7,7.03,31.34,0.97,3.63,44.47,78.49,4.94,0.64,825.58,62.96,39.01,1,0.88..1
